16586
9197
17749
28487
15605
504
21541
27551
6742
2252
16176
5064
28425
16007
19080
16288
10566
13213
14162
3361
31813
9736
25897
417
31595
28108
9033
19262
27318
22006
16177
15126
11729
12993
11280
699
17342
1888
21390
8492
27608
27873
17479
14587
9741
8673
15521
3947
27817
27341
27798
8892
27034
4200
7498
27550
32736
793
6603
24442
31193
18266
2848
33
13928
7509
24865
26108
11308
6983
26708
3307
7793
17728
28997
7127
20041
10403
1034
23047
8002
22301
15057
12046
18685
29912
5548
27746
6440
8695
28664
14779
22284
23177
6071
5270
9991
22898
21774
12792
18610
13805
4072
27551
14946
31542
10090
12199
2994
32535
17680
12431
474
7503
21747
7612
18097
8484
918
3994
1082
4023
24325
28541
6881
17388
28065
4098
7759
27791
9867
29128
11425
4743
26743
31931
23390
7878
25982
21564
13272
27398
24891
9979
20410
20252
24725
4080
29629
11454
